Keys	DigiKey	DigiKey_Avail	DigiKey_1	DigiKey_5	DigiKey_10	DigiKey_25	DigiKey_50	DigiKey_100	DigiKey_250	DigiKey_500	DigiKey_1000	DigiKey_2500	DigiKey_5000	DigiKey_10000	Avnet	Avnet_Avail	Avnet_1	Avnet_25	Avnet_100
POWER_JACKPTH_LOCK	CP-202AH-ND	5975	0.68000		0.47600			0.31960		0.25832	0.23114	0.18355							
LMZ12010	LMZ12010TZ/NOPB-ND	64	19.58000			16.64200		15.41820	14.19452	13.46032	12.72611	12.33454	11.99191	11.74718	LMZ12010TZ/NOPB	90	13.7115	13.1102	12.3814
9090-4R	WM6988-ND	9354	1.26000		0.98000		0.83040	0.74730	0.63104	0.59784	0.53142	0.44174	0.43178						
CP_SV-D:390uF 2.5V	565-3167-1-ND	4000		1.23200	1.01000	0.91120		0.81270	0.71424	0.66498									
CP_SV-D:330uF 4V	565-3179-1-ND	4103		1.23600	1.01300	0.91440		0.81530	0.71648	0.66708									
C_2220K:10uF	445-1454-1-ND	76650	1.75000		1.43300			1.15370	1.01388										
6SLX150FGG484	122-1725-ND	111	135.96000												XC6SLX150-3FGG484C	666	123.8143		
ASDMB:ASDMB@100MHZ	535-11147-1-ND	990	3.12000		2.70200		2.36940	1.87050		1.57950									
C-EUC3225:100u	445-1437-1-ND	6027	1.01000		0.82800			0.66660	0.58580	0.54540									
C-EUC2012:4u7	445-5987-1-ND	8101	0.78000		0.65700			0.48250	0.41956	0.39158	0.30766								
C-EUC1005:470n	490-3266-1-ND	458777			0.07500		0.05960	0.04470	0.03224	0.02384	0.01614								
LM3671MF-2.5	LM3671MF-2.5CT-ND	1600	2.20000			1.69480		1.53800	1.38108	1.19274									
R-EU_R0805:1k2	311-1.20KCRCT-ND	176896			0.01600		0.01260	0.00960	0.00708	0.00522	0.00348								
R-EU_R0805:1k24	311-1.24KCRCT-ND	61390			0.01600		0.01260	0.00960	0.00708	0.00522	0.00348								
R-EU_R1206:2k55	311-2.55KFRCT-ND	21471			0.02300		0.01780	0.01350	0.01004	0.00742	0.00495								
R-EU_R1206:620R	311-620FRCT-ND	53396			0.02300		0.01780	0.01350	0.01004	0.00742	0.00495								
C-EUC3216:10u	445-1388-1-ND	327681	0.31000		0.23300			0.10880	0.07768	0.05284	0.04273								
C-EUC3216:4u7	587-2718-1-ND	7301	0.33000		0.25600		0.16900	0.13400	0.09908	0.07692	0.06060								
R-EU_R2012:0R	311-0.0ARCT-ND	1642763			0.01300		0.00980	0.00750	0.00556	0.00410	0.00273								
R-EU_R1005:4k7	311-4.7KJRCT-ND	943599			0.00900		0.00700	0.00540	0.00396	0.00296	0.00197								
R-EU_R1005:1k4	P1.40KLCT-ND	232979	0.05000				0.01880	0.01430	0.01060	0.00784	0.00522		0.00367						
R-EU_R1005:27R	311-27JRCT-ND	43471			0.00900		0.00700	0.00540	0.00396	0.00296	0.00197								
TPD2E001DRLR	296-21883-1-ND	102192	0.51000			0.39640		0.34960	0.30300	0.25638	0.20394								
DIODE-MINIMELF:LL103A	LLSD103ADICT-ND	250162	0.47000		0.37600			0.28200	0.24360	0.20938	0.16238								
ASE:ASEM@25MHZ	535-11125-1-ND	161	2.77000		2.39900		2.10360	1.66070		1.40236									
MSP430F5507IRGZ	296-27560-1-ND	4874	3.81000			3.11040		2.79290	2.53900	2.22164	1.90426								
MINI-USB-UX60-MB-5ST	H2959CT-ND	43010	0.97000		0.79500	0.70520		0.57690	0.48712										
LEDCHIP-LED0603:RED	475-2512-1-ND	22005	0.12000		0.10500			0.08420	0.07368	0.06738									
LEDCHIP-LED0603:YLW	475-2558-1-ND	85549	0.08000		0.06600			0.05310	0.04648	0.04254									
LEDCHIP-LED0603:GRN	475-1409-1-ND	58864	0.11000		0.09000			0.07260	0.06352	0.05808									
LEDCHIP-LED0805:GRN	475-2498-1-ND	6865	0.33000		0.27500			0.21950	0.19208	0.17564									
LEDCHIP-LED0805:RED	475-2509-1-ND	6000	0.19000		0.15600			0.12490	0.10928	0.09990									
LEDCHIP-LED0805:YLW	475-2555-1-ND	11142	0.16000		0.13100			0.10450	0.09148	0.08364									
